0 0.334416 0.929561 0.144156 0.140878
0 0.300000 0.778291 0.057143 0.055427
0 0.339610 0.691686 0.063636 0.039261
0 0.462987 0.732102 0.061039 0.069284
0 0.583766 0.928406 0.141558 0.124711
0 0.437013 0.613164 0.112987 0.057737
0 0.505195 0.640878 0.044156 0.030023
0 0.543506 0.603926 0.050649 0.034642
0 0.609740 0.592379 0.079221 0.057737
0 0.629221 0.690531 0.097403 0.129330
0 0.666234 0.554273 0.054545 0.064665
0 0.568182 0.515012 0.110390 0.083141
0 0.844156 0.627021 0.285714 0.362587
0 0.812987 0.452656 0.028571 0.050808
0 0.714935 0.277136 0.058442 0.055427
0 0.717532 0.368360 0.224675 0.094688
0 0.883117 0.294457 0.062338 0.090069
0 0.251299 0.389145 0.058442 0.062356
0 0.389610 0.295612 0.062338 0.032333
