0 0.524479 0.665741 0.313542 0.131481
0 0.650000 0.778704 0.275000 0.146296
0 0.152083 0.565741 0.158333 0.098148
0 0.519792 0.495370 0.089583 0.068519
0 0.643750 0.502778 0.135417 0.087037
0 0.736458 0.566667 0.120833 0.122222
0 0.133854 0.756481 0.111458 0.094444
0 0.307812 0.465741 0.113542 0.101852
0 0.491667 0.346296 0.120833 0.118519
0 0.796354 0.470370 0.273958 0.218519
0 0.892188 0.723148 0.186458 0.275926
0 0.498958 0.931481 0.172917 0.137037
0 0.188542 0.917593 0.329167 0.164815
0 0.032292 0.604630 0.058333 0.087037
0 0.706771 0.929630 0.117708 0.133333
